# Hz S RI R 50
1000000000.00 1.835305e-01 -2.498125e-01 1.116228e-01 6.479112e-02 2.133419e-01 -1.180990e-01 -1.803777e-01 1.429547e-01 3.032018e-01 -1.277423e-01 -1.125732e-01 9.621216e-02 -3.542622e-01 -1.848469e-01 -1.070035e-01 2.889498e-01 3.855722e-01 -3.568465e-01
1001000000.00 -2.022127e-01 5.230200e-03 4.742096e-01 -3.764190e-01 -4.257255e-01 -5.442578e-01 -2.827289e-01 -1.664700e-01 -2.985836e-01 1.327433e-02 5.120315e-01 -2.153548e-01 -1.215808e-01 1.907107e-01 -1.748477e-01 4.503730e-01 -1.018701e-02 -7.651945e-03
1002000000.00 1.763153e-01 -2.375550e-01 7.200344e-03 5.592302e-02 3.273812e-01 -5.693764e-01 3.076180e-01 4.247801e-01 -1.507919e-01 -4.839373e-01 -9.304361e-02 3.214314e-01 -1.592952e-01 -1.267240e-02 2.387141e-02 -1.512470e-02 -2.220800e-01 -6.311484e-01
1003000000.00 1.252901e-01 -7.066089e-01 1.399984e-02 1.825669e-01 -2.514563e-01 -1.494382e-01 5.444111e-01 -1.649196e-01 -2.177502e-01 1.881183e-01 -2.988827e-01 -2.294644e-01 -1.377920e-01 -5.665420e-01 -2.876912e-01 2.614889e-01 -5.687371e-01 3.217376e-01
1004000000.00 1.954578e-01 -2.077531e-01 6.051919e-02 2.396351e-01 5.286643e-01 3.821743e-01 1.202272e-01 6.034885e-02 -3.896453e-01 5.733868e-01 -4.839404e-01 4.195315e-01 1.831591e-01 3.190456e-01 2.971874e-01 -1.060114e-01 -6.124148e-01 -1.189056e-01
1005000000.00 2.037176e-01 -2.331256e-01 -9.409069e-02 1.062790e-01 -4.572588e-01 -7.107828e-02 -1.382898e-01 4.735939e-01 -6.887890e-02 1.554445e-02 -4.474884e-01 1.240890e-01 -3.927405e-01 1.230630e-01 -2.502885e-01 -8.548030e-02 -1.545208e-01 -1.135638e-01
1006000000.00 2.268373e-01 -2.520962e-01 -1.950800e-01 6.516765e-01 -5.776443e-01 -3.159268e-01 1.162446e-01 -5.024551e-01 -1.622428e-01 1.420000e-01 4.071620e-02 -6.634292e-01 -1.633067e-01 -5.129442e-01 -5.277093e-02 -7.541208e-03 -1.664148e-03 -6.592031e-02
1007000000.00 3.109986e-01 -7.121780e-01 -1.627796e-01 5.438560e-01 3.749022e-01 3.369060e-01 -1.294797e-01 2.975451e-01 -1.115467e-01 2.633031e-01 4.879746e-01 4.066903e-01 2.333995e-02 -2.005876e-02 -1.714841e-01 -1.946373e-01 -1.484864e-01 -4.659859e-01
1008000000.00 1.904644e-01 -2.224167e-01 -1.896329e-01 4.210797e-01 1.525615e-01 1.395488e-01 -2.958180e-01 2.653786e-02 -4.426565e-03 -1.942211e-01 -6.064980e-01 -1.293639e-01 1.451386e-01 -1.182420e-01 1.438662e-01 2.538673e-01 4.626809e-01 4.407450e-01
1009000000.00 -2.341329e-01 -1.333240e-01 -1.999201e-02 -3.206969e-01 1.550891e-01 -5.114382e-01 3.908828e-01 2.280017e-02 1.432597e-02 2.485341e-02 1.420679e-04 5.501574e-01 6.224293e-02 -2.885915e-02 3.322106e-01 3.239522e-01 -2.713819e-01 3.756029e-01
1010000000.00 2.345649e-01 -2.463706e-01 5.896598e-02 -5.641463e-01 9.317049e-02 1.126221e-01 -3.657547e-02 -3.542425e-01 7.733522e-02 -9.300818e-02 -9.994744e-03 3.946396e-02 -1.449041e-02 1.034361e-01 -2.466420e-02 -3.542021e-01 3.641132e-01 8.209295e-02
1011000000.00 9.977589e-02 1.099443e-01 1.183332e-01 2.822120e-01 2.188858e-01 -4.230119e-01 -2.675639e-02 -9.928626e-03 6.021833e-02 -1.841059e-01 -6.110716e-01 -2.671359e-01 -4.992410e-02 -5.286755e-02 7.964804e-02 -1.847347e-01 -5.047338e-01 3.676628e-01
1012000000.00 2.147369e-01 4.877420e-01 -2.073666e-01 -5.233896e-01 -6.509726e-01 -1.608333e-01 -6.829258e-02 1.744748e-02 4.622194e-01 2.743511e-02 1.818756e-01 1.506735e-01 1.004077e-01 4.008241e-02 4.011016e-01 4.047014e-02 1.279571e-01 2.876341e-01
1013000000.00 2.162041e-01 -2.223070e-01 2.658034e-02 1.905386e-01 1.285017e-01 5.277255e-01 -6.744812e-02 9.965849e-02 -7.211343e-02 -2.785963e-01 -2.510899e-02 1.780602e-01 -4.755412e-01 -2.167899e-01 -2.041154e-01 6.621856e-01 -2.392491e-01 -5.507028e-01
1014000000.00 -1.390483e-03 3.943482e-01 -3.565830e-02 2.812872e-02 5.309319e-02 -4.172718e-02 3.664135e-01 5.369865e-01 -2.289507e-01 5.257391e-01 5.983496e-02 4.414733e-01 -1.265700e-01 -6.712192e-01 4.356531e-01 5.349815e-01 6.685530e-01 8.248684e-02
1015000000.00 -1.294249e-01 -2.511694e-01 -9.068646e-02 2.266268e-01 -6.329497e-02 -1.338086e-01 3.449556e-01 1.975819e-01 -3.305240e-01 3.881819e-01 -2.397666e-03 1.146605e-02 -3.251244e-02 4.927442e-01 -2.162732e-01 -4.315645e-01 -1.372784e-02 -1.684401e-02
1016000000.00 2.220682e-01 -1.921715e-01 -1.914256e-01 -2.241403e-01 3.117908e-02 7.876477e-02 -1.291999e-02 1.484484e-02 -7.443903e-02 -4.114771e-01 -1.361747e-02 4.923536e-02 -3.807397e-01 1.498620e-01 -2.936939e-02 1.070182e-02 -6.292872e-02 -4.683940e-01
... (truncated for brevity in this message)
